123456789
128653794
954781362
637942185
279135648
416278953
385496271
862517439
591364827
743829516

9472
198526347
725341698
346958215
981277463
564139872
237684159
473815926
819762534
652493781

555
123456789
789123456
456789123
912345678
678912345
345678912
891234567
567891234
234567891

8310
128643794
954781362
637952185
279135648
416278953
385496271
862517439
591364827
743829516

6
215647398
368952174
794381652
586274931
124593867
973816425
821739546
659428713
437165289

18
215647398
368952174
794381652
586274931
142593768
973816425
821739546
659428713
437165289