11
123456789
567891234
891234567
789123456
678912345
912345678
456789123
345678912
234567891

22
475196823
386725149
912384657
791852436
524673981
638419275
863947512
159238764
247561398

33
789123456
456789123
123456789
234567891
912345678
567891234
345678912
678912345
891234567

44
174326895
836594127
295178346
421689573
389457261
657231489
568943712
943712658
712865934

55
123456789
456789123
789123456
234567891
678912345
912345678
891234567
567891234
345678912

66
836594127
295178346
174326895
421689573
389457261
657231489
712865934
568943712
943712658