31
192456378
734928156
658731924
247695831
386147592
915283467
421369785
569874213
873512649

2
953267148
671584932
248913756
714692583
529738467
386451291
467325819
195876324
832149675

14
123456789
912345678
891234567
789123456
678912345
567891234
456789123
345678912
234567891

24
123456459
456317678
897289123
123123456
648912345
597891234
456789123
345678912
234567891

99
654791238
813254679
279386514
965172483
348569127
721438965
182947356
437615892
596823741

99
554791238
813254679
279386514
965172483
348569127
721438965
182947356
437615892
596823741

99
654991238
813254679
279386514
965172483
348569127
721438965
182947356
437615892
596823741

99
654791338
813254679
279386514
965172483
348569127
721438965
182947356
437615892
596823741

99
654791238
813254679
279386514
665172483
348569127
721438965
182947356
437615892
596823741

99
654791238
813254679
279386514
965122483
348569127
721438965
182947356
437615892
596823741

99
654791238
813254679
279386514
965172488
348569127
721438965
182947356
437615892
596823741

99
654791238
813254679
279386514
965172483
348569127
721438965
182947356
437615892
996823741

99
654791238
813254679
279386514
965172483
348569127
721438965
182947356
437615892
596833741

99
654791238
813254679
279386514
965172483
348569127
721438965
182947356
437615892
596823742